[{"id": 0, "img_name": "amsterdam_l1tol7_000", "width": 1920, "height": 1080, "position": [-0.2937743312556004, 0.2762736098967905, 1.1587458685613965], "rotation": [[-0.9022729640456161, -0.3031933010181313, 0.306557206031871], [0.30110652997816184, 0.06580885236438791, 0.9513170094952537], [-0.3086071223365536, 0.9506539944523512, 0.03191593449893723]], "fy": 3062.485005699751, "fx": 3062.485005699751}, {"id": 1, "img_name": "amsterdam_l1tol7_008", "width": 1920, "height": 1080, "position": [-0.6681510091524687, 1.189174134670084, 0.22318532758621307], "rotation": [[0.5385948097470622, -0.591919689876565, 0.5996221407269391], [0.5883805011548673, 0.7736241878082925, 0.23518928950678655], [-0.6030953629188945, 0.22613424502801638, 0.7649439760213397]], "fy": 3062.485005699751, "fx": 3062.485005699751}, {"id": 2, "img_name": "amsterdam_l1tol7_016", "width": 1920, "height": 1080, "position": [0.6716676619794257, 1.3416386206621043, 0.06670342346274252], "rotation": [[0.7762890575685875, 0.4421230517397936, -0.4493356275876263], [-0.44026089526554435, 0.8904093443607314, 0.11550559975634721], [0.4511603298155275, 0.10815917249768432, 0.8858645213605522]], "fy": 3062.485005699751, "fx": 3062.485005699751}, {"id": 3, "img_name": "amsterdam_l1tol7_024", "width": 1920, "height": 1080, "position": [0.7419656561753775, 0.3938471776818868, 1.0383898573374635], "rotation": [[-0.709746501381706, 0.49295017297374333, -0.503249471675415], [-0.49191408516443036, 0.16455874458858133, 0.8549508479417229], [0.5042622696506941, 0.8543538766486557, 0.1256941401265154]], "fy": 3062.485005699751, "fx": 3062.485005699751}, {"id": 4, "img_name": "amsterdam_l1tol7_032", "width": 1920, "height": 1080, "position": [-0.5342207099199167, -0.1462024199217167, 1.4269416618667687], "rotation": [[-0.9001909637819693, -0.24923362602871668, 0.35712578789814015], [0.3041368713225471, 0.22715135666699754, 0.9251502713972878], [-0.3117001639836303, 0.9414270342522144, -0.1286784634336988]], "fy": 3062.485005699751, "fx": 3062.485005699751}, {"id": 5, "img_name": "amsterdam_l1tol7_040", "width": 1920, "height": 1080, "position": [-1.4612995174851355, 0.9655305894298166, 0.23114977627619898], "rotation": [[0.2054859243314988, -0.5602855519771438, 0.8024061534829456], [0.6834744164778971, 0.6689865556789495, 0.2920953788422779], [-0.7004557494387693, 0.4884025886156654, 0.5204081614576095]], "fy": 3062.485005699751, "fx": 3062.485005699751}, {"id": 6, "img_name": "amsterdam_l1tol7_048", "width": 1920, "height": 1080, "position": [0.795499604718136, 1.7577972092959901, -0.5808737297499749], "rotation": [[0.9022822019642557, 0.26734244932287277, -0.338252631635855], [-0.3011561934618087, 0.9522247354718875, -0.05072475032060141], [0.30853164369012104, 0.14763491438525278, 0.9396872654752384]], "fy": 3062.485005699751, "fx": 3062.485005699751}, {"id": 7, "img_name": "amsterdam_l1tol7_056", "width": 1920, "height": 1080, "position": [1.577693920163529, 0.24282925032823993, 0.9719154000548451], "rotation": [[-0.43119617359077395, 0.5969524869115297, -0.6765482896666097], [-0.6300537059843284, 0.33751416525988254, 0.6993686551628819], [0.6458344892122815, 0.7278268452173665, 0.23057731008242516]], "fy": 3062.485005699751, "fx": 3062.485005699751}, {"id": 8, "img_name": "amsterdam_l1tol7_064", "width": 1920, "height": 1080, "position": [-0.6965960237618014, -0.5451889966480792, 1.4555657614726896], "rotation": [[-0.896293460230964, -0.3085936535278754, 0.3184776132627254], [0.3097104645249191, 0.07840601164186999, 0.9475927002157486], [-0.3173916528690747, 0.9479569897103624, 0.02529988830615979]], "fy": 3062.485005699751, "fx": 3062.485005699751}, {"id": 9, "img_name": "amsterdam_l1tol7_072", "width": 1920, "height": 1080, "position": [-2.661886089182262, 0.1970167915745788, -0.2560858721599498], "rotation": [[0.050467280552785126, -0.6507245611887732, 0.7576348718606377], [0.6974313101698608, 0.565957614268844, 0.43963797202456195], [-0.7148724509927334, 0.5062109484363183, 0.48239802496988476]], "fy": 3062.485005699751, "fx": 3062.485005699751}, {"id": 10, "img_name": "amsterdam_l1tol7_080", "width": 1920, "height": 1080, "position": [0.6365933443005871, 1.9806996086982913, -2.084652630298977], "rotation": [[0.9805313220942291, 0.12687000837029888, -0.14987437195285766], [-0.13712843341738928, 0.9887235322953728, -0.06017947684928235], [0.1405493477061913, 0.07955989983327634, 0.9868718778027282]], "fy": 3062.485005699751, "fx": 3062.485005699751}, {"id": 11, "img_name": "amsterdam_l1tol7_088", "width": 1920, "height": 1080, "position": [2.7195251096037087, -0.3068392385800614, 0.2601272164836989], "rotation": [[-0.216597991078983, 0.6295182657089821, -0.7461850061474734], [-0.6817017901860092, 0.4496001094898084, 0.5771849017463493], [0.6988332988043282, 0.6336927447000702, 0.3317612481842214]], "fy": 3062.485005699751, "fx": 3062.485005699751}, {"id": 12, "img_name": "amsterdam_l1tol7_096", "width": 1920, "height": 1080, "position": [-1.1199700485216257, -1.5600249076585775, 1.5449036026915872], "rotation": [[-0.890078781431153, -0.2896304099365778, 0.35195736742679895], [0.3182935254864952, 0.157765508499172, 0.9347723123634841], [-0.32626522106931743, 0.9440467520032931, -0.04823624728999671]], "fy": 3062.485005699751, "fx": 3062.485005699751}, {"id": 13, "img_name": "amsterdam_l1tol7_104", "width": 1920, "height": 1080, "position": [-4.1334237372502844, -0.636914848956533, -1.1385485355236395], "rotation": [[0.04451278683553648, -0.6266216702962076, 0.7780513441433828], [0.6976716562048154, 0.5769358210510133, 0.42473440938617496], [-0.7150334760950451, 0.5239182576541725, 0.4628571997496122]], "fy": 3062.485005699751, "fx": 3062.485005699751}, {"id": 14, "img_name": "amsterdam_l1tol7_112", "width": 1920, "height": 1080, "position": [0.9390915353634409, 2.1509015078659552, -3.996669166901113], "rotation": [[0.980329030753155, 0.12324596159003912, -0.15416038535994317], [-0.13780763746084929, 0.9865771469208194, -0.08760472721854036], [0.1412941843107447, 0.10712593582005409, 0.9841544529974139]], "fy": 3062.485005699751, "fx": 3062.485005699751}, {"id": 15, "img_name": "amsterdam_l1tol7_120", "width": 1920, "height": 1080, "position": [4.163083574232412, -1.39760942764864, -0.3591895415653105], "rotation": [[-0.21621604972595126, 0.6186243158287378, -0.7553506309697047], [-0.6818072413870404, 0.45809532468918746, 0.5703398627924423], [0.6988486999580803, 0.6383201621156377, 0.3227349767279139]], "fy": 3062.485005699751, "fx": 3062.485005699751}, {"id": 16, "img_name": "amsterdam_l1tol7_128", "width": 1920, "height": 1080, "position": [-1.6596756576873601, -3.352758150533326, 1.644973963233855], "rotation": [[-0.9033693309383499, -0.2743908721238606, 0.3295959666244479], [0.2995123107751547, 0.14639952738844778, 0.942793484319109], [-0.3069466201379714, 0.9504087687282488, -0.05006939894116481]], "fy": 3062.485005699751, "fx": 3062.485005699751}, {"id": 17, "img_name": "amsterdam_l1tol7_136", "width": 1920, "height": 1080, "position": [-6.859395379543965, -2.7271274374754326, -1.2826156820699302], "rotation": [[-0.16553350042720674, -0.5708746010513998, 0.8041771260802688], [0.6886691993860331, 0.5167724051934919, 0.5086069357052984], [-0.7059273291588277, 0.6380035039911133, 0.307600609300023]], "fy": 3062.485005699751, "fx": 3062.485005699751}, {"id": 18, "img_name": "amsterdam_l1tol7_144", "width": 1920, "height": 1080, "position": [-0.1301271304177533, 2.8166723832893226, -6.965648193471885], "rotation": [[0.9994337279292183, -0.020100882868544057, 0.026984773213990662], [0.02358754039246321, 0.9904519225277078, -0.13582568644921972], [-0.023996904294915883, 0.13638527658465527, 0.9903651876531141]], "fy": 3062.485005699751, "fx": 3062.485005699751}, {"id": 19, "img_name": "amsterdam_l1tol7_152", "width": 1920, "height": 1080, "position": [7.037036293143933, -2.071726299641153, -1.9555467218341123], "rotation": [[-0.03292989337611457, 0.5846486895568634, -0.8106179938304355], [-0.6979644976324513, 0.5670731458428216, 0.4373483820806999], [0.7153748543015178, 0.5801844164258192, 0.3893903706689651]], "fy": 3062.485005699751, "fx": 3062.485005699751}, {"id": 20, "img_name": "amsterdam_l1tol7_160", "width": 1920, "height": 1080, "position": [-1.205185342068244, -6.717481508438541, 2.80704439888258], "rotation": [[-0.9825645152970391, -0.1081041727610935, 0.15126288742032515], [0.12985880934935248, 0.1832033561327718, 0.974460476333472], [-0.13305511231614836, 0.9771131040638685, -0.16597083765893525]], "fy": 3062.485005699751, "fx": 3062.485005699751}, {"id": 21, "img_name": "amsterdam_l1tol7_001", "width": 1920, "height": 1080, "position": [-0.4775139755352454, 0.353353446382488, 1.0797889452888183], "rotation": [[-0.7762776289382123, -0.4420665491708221, 0.44941095771494893], [0.44021796896773036, 0.1301382935801654, 0.8884099078364494], [-0.4512218773596787, 0.8874915158176124, 0.09358219245007711]], "fy": 3062.485005699751, "fx": 3062.485005699751}, {"id": 22, "img_name": "amsterdam_l1tol7_002", "width": 1920, "height": 1080, "position": [-0.6180763604010111, 0.44437622952455536, 0.9865074239241107], "rotation": [[-0.6281119451209992, -0.5433571583921706, 0.5569904692365034], [0.5434020589753377, 0.2060476372821354, 0.813792709153758], [-0.5569466641409015, 0.81382268928461, 0.16584041638842623]], "fy": 3062.485005699751, "fx": 3062.485005699751}, {"id": 23, "img_name": "amsterdam_l1tol7_003", "width": 1920, "height": 1080, "position": [-0.7215637281835694, 0.5477768892923615, 0.8805221279629806], "rotation": [[-0.46435192247674334, -0.61664296231049, 0.6357112151953084], [0.6184868353060042, 0.2879880843372419, 0.731120303255852], [-0.6339174446608293, 0.7326761360333153, 0.24765773366074204]], "fy": 3062.485005699751, "fx": 3062.485005699751}, {"id": 24, "img_name": "amsterdam_l1tol7_004", "width": 1920, "height": 1080, "position": [-0.7892094570208766, 0.6615101853997017, 0.7639647201633187], "rotation": [[-0.28783850797606536, -0.666376899561495, 0.6878159790648382], [0.6687884795214303, 0.3742015109024597, 0.6424135730958133], [-0.685471343664727, 0.6449147672127887, 0.33795558886538374]], "fy": 3062.485005699751, "fx": 3062.485005699751}, {"id": 25, "img_name": "amsterdam_l1tol7_005", "width": 1920, "height": 1080, "position": [-0.8205652023434029, 0.7837030499794794, 0.6387209396234368], "rotation": [[-0.09914244837203937, -0.6936602898676554, 0.7134466884018155], [0.694909433509774, 0.4649182200267766, 0.5485908565645787], [-0.7122300570391016, 0.5501694747510568, 0.43593794845393313]], "fy": 3062.485005699751, "fx": 3062.485005699751}, {"id": 26, "img_name": "amsterdam_l1tol7_006", "width": 1920, "height": 1080, "position": [-0.8135895021524573, 0.9129458095092764, 0.5062596518029344], "rotation": [[0.1022927924908363, -0.6960361872879616, 0.7106826370399549], [0.6946759470462072, 0.5613492021800317, 0.4497915092654562], [-0.7120122984892058, 0.44768370441359523, 0.5409415750361944]], "fy": 3062.485005699751, "fx": 3062.485005699751}, {"id": 27, "img_name": "amsterdam_l1tol7_007", "width": 1920, "height": 1080, "position": [-0.7642053306123823, 1.0488346091447183, 0.36700094184174403], "rotation": [[0.3173276697101408, -0.6662229388137665, 0.6748704659671217], [0.6622472227566362, 0.6650590220327505, 0.34514506104530035], [-0.6787722489815374, 0.33740701387373373, 0.6522459206475391]], "fy": 3062.485005699751, "fx": 3062.485005699751}, {"id": 28, "img_name": "amsterdam_l1tol7_009", "width": 1920, "height": 1080, "position": [-0.5477983103618609, 1.3013604656225033, 0.10822905724061681], "rotation": [[0.7097763000310242, -0.4928680947263277, 0.503287835254449], [0.49191325168913413, 0.8581969942403215, 0.14669448486395187], [-0.5042211387148422, 0.1434536868739084, 0.8515762344002974]], "fy": 3062.485005699751, "fx": 3062.485005699751}, {"id": 29, "img_name": "amsterdam_l1tol7_010", "width": 1920, "height": 1080, "position": [-0.4082184067662748, 1.3863105515539644, 0.021159020967627923], "rotation": [[0.8365330572705078, -0.38190438758583567, 0.39288863923043754], [0.38259120370314126, 0.9204391831132912, 0.08009794653247346], [-0.39221985536512366, 0.0833111573105626, 0.9160910632273063]], "fy": 3062.485005699751, "fx": 3062.485005699751}, {"id": 30, "img_name": "amsterdam_l1tol7_011", "width": 1920, "height": 1080, "position": [-0.252403584074407, 1.4459847372479784, -0.04004115605207546], "rotation": [[0.9259624754714433, -0.2627107800015006, 0.27124995869087215], [0.26365567498207565, 0.9640299777441045, 0.03364352925076797], [-0.27033160945132334, 0.040363945318865044, 0.9619207726469747]], "fy": 3062.485005699751, "fx": 3062.485005699751}, {"id": 31, "img_name": "amsterdam_l1tol7_012", "width": 1920, "height": 1080, "position": [-0.0832301690021883, 1.4806315402489938, -0.07559564190896312], "rotation": [[0.980795448333426, -0.13574896983607113, 0.14004465615252581], [0.1361499946040398, 0.9906651818389476, 0.006758436307684775], [-0.1396548155193858, 0.012438435611062407, 0.9901221226807305]], "fy": 3062.485005699751, "fx": 3062.485005699751}, {"id": 32, "img_name": "amsterdam_l1tol7_013", "width": 1920, "height": 1080, "position": [0.09695718239900913, 1.4893863284581321, -0.0846045279922638], "rotation": [[0.9999999920856631, -1.6625206028842266e-05, 0.00012470876597038517], [1.663008810446479e-05, 0.9999999990954811, -3.9146879581623093e-05], [-0.00012470811503264523, 3.914895318956698e-05, 0.9999999914576229]], "fy": 3062.485005699751, "fx": 3062.485005699751}, {"id": 33, "img_name": "amsterdam_l1tol7_014", "width": 1920, "height": 1080, "position": [0.2866674053375013, 1.4701558329334545, -0.06495546396727289], "rotation": [[0.9781283103450094, 0.145910261768459, -0.14824035891846982], [-0.14529976729712374, 0.9892739848593167, 0.014998683407894143], [0.14883879240647804, 0.006868652795732543, 0.9888376183599373]], "fy": 3062.485005699751, "fx": 3062.485005699751}, {"id": 34, "img_name": "amsterdam_l1tol7_015", "width": 1920, "height": 1080, "position": [0.48791328784675225, 1.418676090113772, -0.012242406814274518], "rotation": [[0.9022696029173036, 0.3032763263786606, -0.3064849645736559], [-0.3011569037162091, 0.9519632047767598, 0.055412779168950516], [0.3085677931922205, 0.04230279670926105, 0.950261222188435]], "fy": 3062.485005699751, "fx": 3062.485005699751}, {"id": 35, "img_name": "amsterdam_l1tol7_017", "width": 1920, "height": 1080, "position": [0.8122459376136075, 1.2506453569207348, 0.1599558830241126], "rotation": [[0.6281153797239101, 0.5434366719746062, -0.5569090170821912], [-0.5434381649675927, 0.8186097671714727, 0.18588439942104573], [0.5569075602027177, 0.18588876416995065, 0.8095056125465868]], "fy": 3062.485005699751, "fx": 3062.485005699751}, {"id": 36, "img_name": "amsterdam_l1tol7_018", "width": 1920, "height": 1080, "position": [0.9156787270014632, 1.1472253214414232, 0.26595360876021057], "rotation": [[0.4643668910740929, 0.6167287000774199, -0.6356171024878086], [-0.618519927967284, 0.7395018801776749, 0.26565027370780114], [0.6338741903418432, 0.26978265273085966, 0.7248591801887956]], "fy": 3062.485005699751, "fx": 3062.485005699751}, {"id": 37, "img_name": "amsterdam_l1tol7_019", "width": 1920, "height": 1080, "position": [0.9833491530481816, 1.0335447719910813, 0.38250135437533206], "rotation": [[0.287848964804578, 0.6664545871644362, -0.6877363278963918], [-0.6688321565561759, 0.6538771294304984, 0.35370644037696913], [0.6854243355887997, 0.35816613862174645, 0.6339641135959037]], "fy": 3062.485005699751, "fx": 3062.485005699751}, {"id": 38, "img_name": "amsterdam_l1tol7_020", "width": 1920, "height": 1080, "position": [1.0147112477990472, 0.9113440914669154, 0.5077731440512843], "rotation": [[0.09913929389056104, 0.693729580579247, -0.713379751209847], [-0.6949163031086465, 0.5613972483148939, 0.44936005747983115], [0.7122237935373212, 0.45118998062214033, 0.5377405222832848]], "fy": 3062.485005699751, "fx": 3062.485005699751}, {"id": 39, "img_name": "amsterdam_l1tol7_021", "width": 1920, "height": 1080, "position": [1.0076996847802964, 0.7820911477096129, 0.6402635353864373], "rotation": [[-0.10228108259456829, 0.6961203171859198, -0.7106019167890392], [-0.6946564431079442, 0.46133878302855996, 0.5519229595897843], [0.7120330092010495, 0.5500754777980031, 0.4363782333405235]], "fy": 3062.485005699751, "fx": 3062.485005699751}, {"id": 40, "img_name": "amsterdam_l1tol7_022", "width": 1920, "height": 1080, "position": [0.958314905586278, 0.6462619305394086, 0.7795095778246545], "rotation": [[-0.31729720865970573, 0.6663166347098145, -0.6747922818806885], [-0.6622315804447286, 0.35364501279680927, 0.6605940801926861], [0.6788017495841002, 0.6564734170040185, 0.32904534266364016]], "fy": 3062.485005699751, "fx": 3062.485005699751}, {"id": 41, "img_name": "amsterdam_l1tol7_023", "width": 1920, "height": 1080, "position": [0.8622693542988522, 0.5059633435974794, 0.9233662309626526], "rotation": [[-0.5385679850764303, 0.5920195577162521, -0.5995476367497143], [-0.5883752486544256, 0.24509328168140407, 0.7705477597433418], [0.6031244417378199, 0.7677513442229152, 0.21633025960865912]], "fy": 3062.485005699751, "fx": 3062.485005699751}, {"id": 42, "img_name": "amsterdam_l1tol7_025", "width": 1920, "height": 1080, "position": [0.6023443819917441, 0.30886796059006216, 1.125416900012382], "rotation": [[-0.836517017473967, 0.38202110437616144, -0.39280931161019644], [-0.38261243481773666, 0.10592400412279908, 0.9178168826478604], [0.39223335426669365, 0.9180631683940985, 0.05755879288941999]], "fy": 3062.485005699751, "fx": 3062.485005699751}, {"id": 43, "img_name": "amsterdam_l1tol7_026", "width": 1920, "height": 1080, "position": [0.4465639929089888, 0.2491390315184538, 1.186631529519678], "rotation": [[-0.925950760810678, 0.2628146674980742, -0.27118930491817395], [-0.26369120902323434, 0.06410509815767006, 0.962474665990778], [0.2703370763287763, 0.9627143849232086, 0.009943753010669083]], "fy": 3062.485005699751, "fx": 3062.485005699751}, {"id": 44, "img_name": "amsterdam_l1tol7_027", "width": 1920, "height": 1080, "position": [0.27739122925519827, 0.2144714658862001, 1.2221819919091061], "rotation": [[-0.9807903008258455, 0.13584626707049766, -0.1399863476520401], [-0.13619427205308862, 0.036864513583693956, 0.9899960241830098], [0.13964779291444632, 0.9900438370906859, -0.01765487391275351]], "fy": 3062.485005699751, "fx": 3062.485005699751}, {"id": 45, "img_name": "amsterdam_l1tol7_028", "width": 1920, "height": 1080, "position": [0.09717738383094643, 0.2056931964787482, 1.2311632437069655], "rotation": [[-0.9999999923283476, 0.00011715171026159637, -4.0234075907386044e-05], [-3.732820790195856e-05, 0.02469954246442142, 0.9996949190671386], [0.00011810973277493473, 0.9996949128996929, -0.024699537901871488]], "fy": 3062.485005699751, "fx": 3062.485005699751}, {"id": 46, "img_name": "amsterdam_l1tol7_029", "width": 1920, "height": 1080, "position": [-0.09249312661925481, 0.22488590039026396, 1.211513055229585], "rotation": [[-0.9781336716366561, -0.14581748602263897, 0.14829626151940317], [0.14526206155484642, 0.03130049613368661, 0.9888979787696105], [-0.14884036375738183, 0.9888162315171722, -0.009434320576898046]], "fy": 3062.485005699751, "fx": 3062.485005699751}, {"id": 47, "img_name": "amsterdam_l1tol7_030", "width": 1920, "height": 1080, "position": [-0.293770553424224, 0.2762972499358382, 1.1587742509411973], "rotation": [[-0.9022728515431419, -0.30319095912011845, 0.3065598533337819], [0.301103958691801, 0.06582511594563169, 0.9513166981457177], [-0.3086099600277562, 0.9506536153713225, 0.03189978296320884]], "fy": 3062.485005699751, "fx": 3062.485005699751}, {"id": 48, "img_name": "amsterdam_l1tol7_031", "width": 1920, "height": 1080, "position": [-0.3567929360637219, 0.16176241085368043, 1.2200151705363727], "rotation": [[-0.9008329130947984, -0.28957289732035146, 0.3234928126290227], [0.303197720767238, 0.11372485412329429, 0.9461172230100175], [-0.31075907839786576, 0.9503758176069784, -0.01464924916767204]], "fy": 3062.485005699751, "fx": 3062.485005699751}, {"id": 49, "img_name": "amsterdam_l1tol7_033", "width": 1920, "height": 1080, "position": [-0.5972758043447411, -0.26074075919359857, 1.4881784004291156], "rotation": [[-0.8994134083467895, -0.24115999799761964, 0.36455092408578355], [0.30526095358457, 0.25037558465216175, 0.9187642879578674], [-0.3128438445976677, 0.9376320824160594, -0.15157442700361434]], "fy": 3062.485005699751, "fx": 3062.485005699751}, {"id": 50, "img_name": "amsterdam_l1tol7_034", "width": 1920, "height": 1080, "position": [-0.8976196609953414, -0.13671043591134302, 1.3610389321936878], "rotation": [[-0.7827678954577809, -0.34219985415264237, 0.5197823406566506], [0.4346008231735493, 0.29722212357355715, 0.8501653567132093], [-0.4454172721588932, 0.8913799801859672, -0.08393559784855883]], "fy": 3062.485005699751, "fx": 3062.485005699751}, {"id": 51, "img_name": "amsterdam_l1tol7_035", "width": 1920, "height": 1080, "position": [-1.1315833402962434, 0.008427927609240621, 1.212306815054914], "rotation": [[-0.6472807896322667, -0.4178149182729997, 0.63754080139357], [0.5323154378461059, 0.35088566956985384, 0.7704021816695636], [-0.5455894555466935, 0.8380393433240717, -0.0047122221106945415]], "fy": 3062.485005699751, "fx": 3062.485005699751}, {"id": 52, "img_name": "amsterdam_l1tol7_036", "width": 1920, "height": 1080, "position": [-1.3088288213935895, 0.17259310684129026, 1.0440335963501888], "rotation": [[-0.49840491199576026, -0.4752528784074313, 0.7250705105463531], [0.6054211029634842, 0.40783148028554056, 0.6834755092719731], [-0.6205302827300021, 0.7796205392712251, 0.08446290879118235]], "fy": 3062.485005699751, "fx": 3062.485005699751}, {"id": 53, "img_name": "amsterdam_l1tol7_037", "width": 1920, "height": 1080, "position": [-1.4317242635460092, 0.35278618682611024, 0.8592767942992239], "rotation": [[-0.3386283358585253, -0.5181614959775406, 0.7853913128116471], [0.6570892338705179, 0.46721909203325385, 0.5915573165561198], [-0.6734720401658415, 0.7163902456942994, 0.18226471679653194]], "fy": 3062.485005699751, "fx": 3062.485005699751}, {"id": 54, "img_name": "amsterdam_l1tol7_038", "width": 1920, "height": 1080, "position": [-1.5000090997962316, 0.5464171169389341, 0.6608979981174572], "rotation": [[-0.1685117742968245, -0.5478077324202278, 0.819457424289965], [0.6883770762849772, 0.5296272393146914, 0.495612740172451], [-0.7055074647150678, 0.6476122880833151, 0.28784985939689206]], "fy": 3062.485005699751, "fx": 3062.485005699751}, {"id": 55, "img_name": "amsterdam_l1tol7_039", "width": 1920, "height": 1080, "position": [-1.5113873469393397, 0.7510149823734723, 0.45107362650732064], "rotation": [[0.012457277398813386, -0.563219116988988, 0.8262136784742511], [0.6983026519605898, 0.5963083098264998, 0.39596692525597404], [-0.7156942241660303, 0.572014532936015, 0.4007257810590385]], "fy": 3062.485005699751, "fx": 3062.485005699751}, {"id": 56, "img_name": "amsterdam_l1tol7_041", "width": 1920, "height": 1080, "position": [-1.3402722368503501, 1.192463008812732, -0.0013070535362998412], "rotation": [[0.4131458455938918, -0.5297503584021291, 0.7407260411524114], [0.6359740116333593, 0.7500201699651985, 0.1816777398922254], [-0.6518033191043751, 0.3960231084396351, 0.6467751779299581]], "fy": 3062.485005699751, "fx": 3062.485005699751}, {"id": 57, "img_name": "amsterdam_l1tol7_042", "width": 1920, "height": 1080, "position": [-1.1252327775004913, 1.4411942381815106, -0.2561646293276564], "rotation": [[0.6363422610926303, -0.4523892401162271, 0.6248299786138476], [0.5386670141103416, 0.840389104236574, 0.05986652979668815], [-0.5521832799505684, 0.2984796959719559, 0.7784622639765661]], "fy": 3062.485005699751, "fx": 3062.485005699751}, {"id": 58, "img_name": "amsterdam_l1tol7_043", "width": 1920, "height": 1080, "position": [-0.8716771451274197, 1.6286394233237362, -0.44843866198337295], "rotation": [[0.7966578554237347, -0.355820874420718, 0.4885977555393919], [0.42205255250819246, 0.9061305678679962, -0.028267240695591438], [-0.43267528738417116, 0.22873324922647062, 0.8720511432165696]], "fy": 3062.485005699751, "fx": 3062.485005699751}, {"id": 59, "img_name": "amsterdam_l1tol7_044", "width": 1920, "height": 1080, "position": [-0.584558692870103, 1.7634592935727436, -0.5865024575559533], "rotation": [[0.9071979809091447, -0.24877510410886336, 0.33926799290530707], [0.2937422602644458, 0.9518730299889038, -0.08748268008284818], [-0.3011765395396957, 0.17902145780706735, 0.9366130522662636]], "fy": 3062.485005699751, "fx": 3062.485005699751}, {"id": 60, "img_name": "amsterdam_l1tol7_045", "width": 1920, "height": 1080, "position": [-0.2700951528313742, 1.8466508116385254, -0.6718811969657714], "rotation": [[0.9743261211224999, -0.1341590704930682, 0.18080363243812142], [0.15719928990777943, 0.9802806636425057, -0.11974223875098834], [-0.16117379734582574, 0.14509019364879466, 0.9762027672343907]], "fy": 3062.485005699751, "fx": 3062.485005699751}, {"id": 61, "img_name": "amsterdam_l1tol7_046", "width": 1920, "height": 1080, "position": [0.06609499398302832, 1.8769319357100112, -0.7029527477851506], "rotation": [[0.9998199453133342, -0.011406138152949549, 0.015164991463146937], [0.013223438762388979, 0.9919787295371139, -0.12571133923887298], [-0.01360946806230278, 0.12588923765902105, 0.9919509474871687]], "fy": 3062.485005699751, "fx": 3062.485005699751}, {"id": 62, "img_name": "amsterdam_l1tol7_047", "width": 1920, "height": 1080, "position": [0.42022143248777555, 1.8503200569393325, -0.6755986126527952], "rotation": [[0.980066771147773, 0.12148746651084912, -0.1571938916521703], [-0.13877887375018017, 0.9848343966668825, -0.10412317389711599], [0.14216029084315523, 0.12386285408690058, 0.9820633610337148]], "fy": 3062.485005699751, "fx": 3062.485005699751}, {"id": 63, "img_name": "amsterdam_l1tol7_049", "width": 1920, "height": 1080, "position": [1.1101167895854664, 1.628084213665098, -0.44786624812091347], "rotation": [[0.7831686283783073, 0.38846412673975333, -0.48553323445502855], [-0.434281423673699, 0.9005548664486193, 0.0200144339828684], [0.44502420673035975, 0.19518338748989444, 0.8739890735426751]], "fy": 3062.485005699751, "fx": 3062.485005699751}, {"id": 64, "img_name": "amsterdam_l1tol7_050", "width": 1920, "height": 1080, "position": [1.3553139310068043, 1.4764940380907516, -0.29254827034336517], "rotation": [[0.6438914718634081, 0.4804024916299476, -0.595497454652253], [-0.5343651234203664, 0.8393926319422018, 0.09936762205607881], [0.5475926289985199, 0.2542311064305097, 0.797188093983853]], "fy": 3062.485005699751, "fx": 3062.485005699751}, {"id": 65, "img_name": "amsterdam_l1tol7_051", "width": 1920, "height": 1080, "position": [1.5412468911755308, 1.3051673909724681, -0.11694304877444703], "rotation": [[0.49082855177060003, 0.5500259624095248, -0.6756913300037608], [-0.608464860321616, 0.7714752256690618, 0.18600131701863373], [0.6235846746998932, 0.3198396736715853, 0.7133335381328165]], "fy": 3062.485005699751, "fx": 3062.485005699751}, {"id": 66, "img_name": "amsterdam_l1tol7_052", "width": 1920, "height": 1080, "position": [1.670381267488437, 1.1172216880523913, 0.07565045770192394], "rotation": [[0.32703592788661345, 0.600821585819046, -0.7294250639272198], [-0.6599773102059465, 0.6976570810504706, 0.27875535380232735], [0.6763707946715803, 0.3902409759033817, 0.6246875449705322]], "fy": 3062.485005699751, "fx": 3062.485005699751}, {"id": 67, "img_name": "amsterdam_l1tol7_053", "width": 1920, "height": 1080, "position": [1.7424974670444187, 0.9154397740415613, 0.28249928334747754], "rotation": [[0.15344963717599067, 0.6338750477054964, -0.758060441354719], [-0.6900842317334865, 0.6178275805791636, 0.3769255016425669], [0.7072743187500591, 0.4652864758103889, 0.5322325933880674]], "fy": 3062.485005699751, "fx": 3062.485005699751}, {"id": 68, "img_name": "amsterdam_l1tol7_054", "width": 1920, "height": 1080, "position": [1.7550313999780136, 0.7021748267532432, 0.5009919942757237], "rotation": [[-0.030017338463117837, 0.6480201851124059, -0.7610314047912041], [-0.6980289422520398, 0.5313732348828816, 0.4799980010672963], [0.71544011291658, 0.5456302089666454, 0.4363864341302627]], "fy": 3062.485005699751, "fx": 3062.485005699751}, {"id": 69, "img_name": "amsterdam_l1tol7_055", "width": 1920, "height": 1080, "position": [1.7033409958106258, 0.4788961904260071, 0.7299343908741281], "rotation": [[-0.22420566033279146, 0.6388827583739999, -0.735908039721789], [-0.6805353704927648, 0.4378777839782379, 0.5874816216755918], [0.6975696605952786, 0.6325281553818272, 0.3366076369695893]], "fy": 3062.485005699751, "fx": 3062.485005699751}, {"id": 70, "img_name": "amsterdam_l1tol7_057", "width": 1920, "height": 1080, "position": [1.3688181731629043, 0.006314325923013475, 1.2144276390216917], "rotation": [[-0.6353443822186283, 0.5129173488803027, -0.5772809620980338], [-0.5392312368630618, 0.2404442261374454, 0.8071036162155992], [0.5527813212965523, 0.8240766756405418, 0.12381616813191694]], "fy": 3062.485005699751, "fx": 3062.485005699751}, {"id": 71, "img_name": "amsterdam_l1tol7_058", "width": 1920, "height": 1080, "position": [1.1172675998410102, -0.16979681592963672, 1.39491899981938], "rotation": [[-0.7863360813314706, 0.4118103428950729, -0.46052992159132156], [-0.43138904194325667, 0.16761161837432673, 0.8864591586064289], [0.44224321553591445, 0.8957223827004553, 0.04585140610573588]], "fy": 3062.485005699751, "fx": 3062.485005699751}, {"id": 72, "img_name": "amsterdam_l1tol7_059", "width": 1920, "height": 1080, "position": [0.8284227310939838, -0.2936653192949816, 1.5219364997955995], "rotation": [[-0.896024940415027, 0.29762937936719375, -0.3294784646858526], [-0.31001994317614906, 0.11183311362695524, 0.9441297524861495], [0.3178473548534026, 0.9481087001151289, -0.007934215695049497]], "fy": 3062.485005699751, "fx": 3062.485005699751}, {"id": 73, "img_name": "amsterdam_l1tol7_060", "width": 1920, "height": 1080, "position": [0.5089422317667843, -0.36679188085115216, 1.5968916629014318], "rotation": [[-0.967685734783084, 0.17038577246042297, -0.1858843921376614], [-0.17604939568082992, 0.07125385169406931, 0.9817991133114625], [0.18052957923215102, 0.9827978312765165, -0.03895502355843158]], "fy": 3062.485005699751, "fx": 3062.485005699751}, {"id": 74, "img_name": "amsterdam_l1tol7_061", "width": 1920, "height": 1080, "position": [0.16438569065572287, -0.3879445751013788, 1.6185846605698642], "rotation": [[-0.9991283022727164, 0.028494313155566223, -0.030507535387699], [-0.029123772252160205, 0.04777643182877177, 0.9984333820799036], [0.029907214638670118, 0.9984515444825066, -0.04690492333490415]], "fy": 3062.485005699751, "fx": 3062.485005699751}, {"id": 75, "img_name": "amsterdam_l1tol7_062", "width": 1920, "height": 1080, "position": [-0.2015870900297639, -0.3532995958795179, 1.5831545062802876], "rotation": [[-0.9821911263405358, -0.12925335932991017, 0.13636040642298786], [0.1312150471115016, 0.04756165536530033, 0.9902123511401171], [-0.13447379949059116, 0.9904703216355579, -0.029754650220070605]], "fy": 3062.485005699751, "fx": 3062.485005699751}, {"id": 76, "img_name": "amsterdam_l1tol7_063", "width": 1920, "height": 1080, "position": [-0.5927759527207918, -0.2540782393094174, 1.4813629212358679], "rotation": [[-0.8993851542313014, -0.30205282918500764, 0.31602283577246565], [0.3053079387429389, 0.08339056059779563, 0.9485953177955937], [-0.3128792209285815, 0.9496368267840701, 0.017218894465264513]], "fy": 3062.485005699751, "fx": 3062.485005699751}, {"id": 77, "img_name": "amsterdam_l1tol7_065", "width": 1920, "height": 1080, "position": [-0.974809110572303, -1.2421031313159299, 1.543228665283581], "rotation": [[-0.895251506617073, -0.29845733840109046, 0.3308291961940449], [0.3111951016826433, 0.11255090370106566, 0.9436577254305729], [-0.3188766980959727, 0.9477634257717537, -0.007882904337833601]], "fy": 3062.485005699751, "fx": 3062.485005699751}, {"id": 78, "img_name": "amsterdam_l1tol7_066", "width": 1920, "height": 1080, "position": [-1.0783859840686982, -1.533332907739866, 1.517373445488148], "rotation": [[-0.8934537659577422, -0.30324824141316786, 0.3313319667278545], [0.31364802206865794, 0.1067983340869562, 0.9435141938988884], [-0.3215047221244902, 0.9469079257858557, -0.00030616267296460707]], "fy": 3062.485005699751, "fx": 3062.485005699751}, {"id": 79, "img_name": "amsterdam_l1tol7_067", "width": 1920, "height": 1080, "position": [-1.5963017799545645, -1.3198572409666987, 1.2988612337907057], "rotation": [[-0.7683653650880701, -0.42923126781537446, 0.47473696344679434], [0.44696313333870596, 0.171031183780248, 0.8780502785209815], [-0.4580814590977491, 0.8868533435153375, 0.060436114422949876]], "fy": 3062.485005699751, "fx": 3062.485005699751}, {"id": 80, "img_name": "amsterdam_l1tol7_068", "width": 1920, "height": 1080, "position": [-2.0002738231010135, -1.0709004740408536, 1.0437331743468374], "rotation": [[-0.6244065019069974, -0.5192091446091098, 0.5835566677971757], [0.5455153687218793, 0.2448364099332366, 0.8015410874429557], [-0.5590433819163757, 0.8188265973484743, 0.13035912169933034]], "fy": 3062.485005699751, "fx": 3062.485005699751}, {"id": 81, "img_name": "amsterdam_l1tol7_069", "width": 1920, "height": 1080, "position": [-2.307031565350158, -0.7898595510137543, 0.7557332363905912], "rotation": [[-0.4683181465945307, -0.5824607730535151, 0.6643926259555907], [0.6170900926301299, 0.32254870838618416, 0.7177479699003975], [-0.6323590207690577, 0.7461245060794518, 0.20837535909913307]], "fy": 3062.485005699751, "fx": 3062.485005699751}, {"id": 82, "img_name": "amsterdam_l1tol7_070", "width": 1920, "height": 1080, "position": [-2.520332641320088, -0.48206207880616697, 0.4405143093847329], "rotation": [[-0.30339279673186575, -0.6241711520998262, 0.719974432724935], [0.6654007796314539, 0.40206223135462504, 0.6289576810755976], [-0.6820517673586586, 0.6698927787374002, 0.29334118639975315]], "fy": 3062.485005699751, "fx": 3062.485005699751}, {"id": 83, "img_name": "amsterdam_l1tol7_071", "width": 1920, "height": 1080, "position": [-2.639968722081322, -0.1517778086523971, 0.10176225749426857], "rotation": [[-0.1305081857530256, -0.6469250265731127, 0.7513026177545444], [0.6923470307213143, 0.4829440461095456, 0.5361162536043099], [-0.7096641476803189, 0.5901296961861169, 0.38486846996921953]], "fy": 3062.485005699751, "fx": 3062.485005699751}, {"id": 84, "img_name": "amsterdam_l1tol7_073", "width": 1920, "height": 1080, "position": [-2.5785579239024385, 0.5625714232062334, -0.6307275438589995], "rotation": [[0.24041254692041458, -0.6324586960655463, 0.7363408212603105], [0.6778923553012132, 0.6523439903565662, 0.3389827029065733], [-0.694740067872448, 0.417664118660846, 0.5855705952964555]], "fy": 3062.485005699751, "fx": 3062.485005699751}, {"id": 85, "img_name": "amsterdam_l1tol7_074", "width": 1920, "height": 1080, "position": [-2.373546913107529, 0.9487765148261839, -1.0261582230870916], "rotation": [[0.4414441524745963, -0.5842019644357416, 0.6810544214638107], [0.6266184731160124, 0.7439854431357102, 0.23202359697220007], [-0.6422432166988941, 0.3243358215670621, 0.6944997663445802]], "fy": 3062.485005699751, "fx": 3062.485005699751}, {"id": 86, "img_name": "amsterdam_l1tol7_075", "width": 1920, "height": 1080, "position": [-2.017309840527856, 1.353903726817177, -1.4417990743112248], "rotation": [[0.6473875866090573, -0.4934251081705305, 0.5808794843436981], [0.5322352671018158, 0.838213630536509, 0.1188424588935432], [-0.545540954610705, 0.2322274148538562, 0.8052673435777312]], "fy": 3062.485005699751, "fx": 3062.485005699751}, {"id": 87, "img_name": "amsterdam_l1tol7_076", "width": 1920, "height": 1080, "position": [-1.5902072488240377, 1.6563901523183664, -1.7518835055939777], "rotation": [[0.7973472537625683, -0.38839238660118247, 0.4619401594877068], [0.42143998408424016, 0.9062005926703297, 0.03447935119776033], [-0.43200196380614503, 0.16718803747332117, 0.8862406351513418]], "fy": 3062.485005699751, "fx": 3062.485005699751}, {"id": 88, "img_name": "amsterdam_l1tol7_077", "width": 1920, "height": 1080, "position": [-1.1009738001797782, 1.8701371779874092, -1.9711867502732112], "rotation": [[0.9041354062285099, -0.27406696789929746, 0.32775976615578184], [0.2983551255926058, 0.9541221616038974, -0.02520158266710229], [-0.3058159352235063, 0.1205744493779333, 0.9444249128017433]], "fy": 3062.485005699751, "fx": 3062.485005699751}, {"id": 89, "img_name": "amsterdam_l1tol7_078", "width": 1920, "height": 1080, "position": [-0.5611079233363534, 1.9975094408817438, -2.101995905530182], "rotation": [[0.9719038420673375, -0.15100525684264288, 0.1805556262779845], [0.16437420665233698, 0.9844825416548807, -0.06144302535000217], [-0.16847564204407284, 0.08939540023196747, 0.981643733976438]], "fy": 3062.485005699751, "fx": 3062.485005699751}, {"id": 90, "img_name": "amsterdam_l1tol7_079", "width": 1920, "height": 1080, "position": [0.020209242646434415, 2.0367389841024957, -2.141980500860268], "rotation": [[0.9996149910946907, -0.017878240173177986, 0.02121881493090166], [0.0194014120997866, 0.99707731999648, -0.07389454078057085], [-0.019835694777242976, 0.07427776569706011, 0.9970402994542181]], "fy": 3062.485005699751, "fx": 3062.485005699751}, {"id": 91, "img_name": "amsterdam_l1tol7_081", "width": 1920, "height": 1080, "position": [1.2941260118605618, 1.8147358048757531, -1.9146358172433016], "rotation": [[0.8989355168490129, 0.2834651697607104, -0.3340096317173053], [-0.30593377096845276, 0.951926636188503, -0.015498615933802992], [0.31355934737848373, 0.1161170824959569, 0.9424422310275609]], "fy": 3062.485005699751, "fx": 3062.485005699751}, {"id": 92, "img_name": "amsterdam_l1tol7_082", "width": 1920, "height": 1080, "position": [1.8007227116242701, 1.6040105804492704, -1.6986107629238358], "rotation": [[0.7843761477014691, 0.39946002026439503, -0.4745374075111172], [-0.4332051772536019, 0.900324331223805, 0.041825506656630825], [0.44394519179475106, 0.17276513194732804, 0.8792410794915944]], "fy": 3062.485005699751, "fx": 3062.485005699751}, {"id": 93, "img_name": "amsterdam_l1tol7_083", "width": 1920, "height": 1080, "position": [2.1935584225067264, 1.3549462683868847, -1.443616917251282], "rotation": [[0.6509954661864586, 0.4863648987980983, -0.5827984970998042], [-0.5301099017134799, 0.8408220303266206, 0.10955275178079268], [0.543312428635679, 0.2376289092987945, 0.8051981783110699]], "fy": 3062.485005699751, "fx": 3062.485005699751}, {"id": 94, "img_name": "amsterdam_l1tol7_084", "width": 1920, "height": 1080, "position": [2.489065554300792, 1.071848006917351, -1.1536072741606391], "rotation": [[0.5031746132223541, 0.5519504512611925, -0.6649556436042182], [-0.6034864717755422, 0.7751866947824398, 0.18678775820750157], [0.6185623549751811, 0.3073048772552144, 0.7231488957488046]], "fy": 3062.485005699751, "fx": 3062.485005699751}, {"id": 95, "img_name": "amsterdam_l1tol7_085", "width": 1920, "height": 1080, "position": [2.691596506970878, 0.7600970446305215, -0.8339249818146985], "rotation": [[0.3426058278718495, 0.5996647329337976, -0.7232036053447758], [-0.656081690131699, 0.7037032813154676, 0.27268756432917374], [0.6724418655781167, 0.3810562949765839, 0.6345218967668025]], "fy": 3062.485005699751, "fx": 3062.485005699751}, {"id": 96, "img_name": "amsterdam_l1tol7_086", "width": 1920, "height": 1080, "position": [2.8007439650723764, 0.4240491833721524, -0.4893986205861512], "rotation": [[0.16948371293326053, 0.6302789975861119, -0.7576434888865615], [-0.6882190487585431, 0.6259610620529822, 0.36677962009821186], [0.7054288142514749, 0.4592615093771178, 0.5398602171195888]], "fy": 3062.485005699751, "fx": 3062.485005699751}, {"id": 97, "img_name": "amsterdam_l1tol7_087", "width": 1920, "height": 1080, "position": [2.812625813659021, 0.06767848444406144, -0.12399935529893538], "rotation": [[-0.016729208183541434, 0.6419272309273685, -0.7665830442864443], [-0.6982175021524905, 0.